35 1000
20 100
316 1686 10 47

Coordinates
1      -4.1956     -0.56676       4.3341
2      -4.1956      0.02757       4.3341
3      -4.4585     -0.56676       3.7274
4      -4.1956     -0.56676        3.656
5      -4.1956     -0.46386       3.6396
6      -4.6148     -0.56676       3.7673
7      -4.9357     -0.56676       4.3341
8      -4.7925     -0.11757       4.3341
9      -4.4857      -0.2265       3.6911
10      -4.4857      -0.2265       3.6911
11      -4.1956      0.02757       3.6414
12      -4.9357      0.02757       4.3341
13      -5.0218     -0.11333        3.961
14      -5.0218     -0.11333        3.961
15      -5.3371        -0.25       4.3341
16      -4.7111     -0.56676       3.1442
17      -4.1956     -0.56676       3.0085
18      -5.5598     -0.56676       4.3341
19      -4.1956     -0.36625       2.9809
20      -5.0102     -0.56676       3.2327
21      -5.5699     -0.39414       3.9766
22      -5.5699     -0.39414       3.9766
23      -4.1956      0.02757       2.9828
24      -5.5598      0.02757       4.3341
25      -5.2378      0.02757        3.409
26      -5.5984     -0.56676       3.5116
27      -5.8128     -0.36567       4.3341
28       -5.676      0.02757       3.8236
29      -4.9089      0.02757       2.8893
30      -6.0632     -0.46797       4.0436
31      -6.0632     -0.46797       4.0436
32        -4.95     -0.56676       2.5925
33      -6.1288     -0.56676       4.3341
34      -4.1956     -0.56676       2.3973
35      -5.3813     -0.56676        2.731
36      -4.1956     -0.27421       2.3597
37      -6.1299     -0.56676       3.8201
38      -6.1288      0.02757       4.3341
39      -6.2479     -0.47149       4.3341
40      -4.1956      0.02757        2.362
41      -5.8767     -0.20738       3.1773
42      -5.8767     -0.20738       3.1773
43      -4.7372      0.02757       2.3787
44      -5.9216      0.02757       3.1556
45      -6.1743      0.02757       3.5702
46      -6.2643     -0.44469        3.541
47      -6.2643     -0.44469        3.541
48      -5.6558      0.02757       2.7194
49      -6.2126     -0.56676        3.306
50      -4.4895    -0.086748        2.138
51      -4.4895    -0.086748        2.138
52      -6.4134      0.02757       3.9627
53      -6.0592     -0.56676       2.8718
54      -6.3391    -0.046141       3.3866
55      -6.3391    -0.046141       3.3866
56      -6.6397     -0.56676       4.3341
57      -5.3775      0.02757       2.2626
58      -5.1746     -0.56676       2.0742
59      -6.6397     -0.56676       3.9229
60      -4.6338      0.02757       1.9492
61      -4.1956     -0.56676       1.8351
62      -6.6397      0.02757       4.3341
63      -6.1963      0.02757       2.9183
64      -6.6397    -0.046547        3.922
65      -6.6336      0.02757       3.9278
66      -6.6397      0.02757        3.915
67      -5.7182     -0.56676       2.2755
68      -4.1956     -0.19106       1.7986
69       -6.301    -0.071468        2.958
70       -6.301    -0.071468        2.958
71      -6.6397     -0.56676       3.5116
72      -4.1956      0.02757        1.799
73      -6.6397     -0.12066       3.5099
74      -6.6275      0.02757       3.5215
75      -6.6397      0.02757        3.496
76      -5.1115      0.02757       1.8261
77       -6.056      0.02757       2.4184
78      -6.6397     -0.56676       3.1004
79      -6.2243     -0.56676       2.4891
80      -4.5537    -0.094599       1.6395
81      -4.5537    -0.094599       1.6395
82      -6.6397     -0.19478       3.0978
83      -6.6214      0.02757       3.1151
84      -4.3828     -0.46843        1.537
85      -4.3828     -0.46843        1.537
86      -6.6397      0.02757       3.0769
87      -6.2569     -0.10029       2.4556
88      -6.2569     -0.10029       2.4556
89      -4.8035     -0.56676       1.4626
90      -5.7224      0.02757       1.8969
91      -6.6397     -0.56676       2.6891
92      -6.6397      -0.2689       2.6858
93      -5.3753     -0.56676       1.6107
94      -6.6153      0.02757       2.7088
95      -6.2463     -0.56676       2.1717
96      -4.1956     -0.56676       1.3517
97      -6.6397      0.02757       2.6578
98      -4.8752      0.02757       1.4383
99      -4.1956      -0.1203        1.321
100      -6.0096     -0.56676       1.8816
101      -6.2154      0.02757       2.1202
102      -4.1956      0.02757       1.3203
103      -6.6397     -0.56676       2.2891
104      -6.6397     -0.34056       2.2873
105      -6.6092      0.02757       2.3025
106      -6.6353     -0.15453       2.2374
107      -6.6353     -0.15453       2.2374
108      -4.1956    -0.031563       1.1207
109      -4.3723     -0.40119       1.0854
110      -4.3723     -0.40119       1.0854
111      -6.6397      0.02757       2.2563
112      -4.6674      0.02757       1.0973
113      -6.4021     -0.21924        1.865
114      -6.4021     -0.21924        1.865
115      -6.5095    -0.035461       1.9895
116      -6.5095    -0.035461       1.9895
117      -6.2357      0.02757       1.6991
118      -4.1956     -0.56676      0.94322
119      -5.5498     -0.56676       1.2079
120      -5.2803      0.02757       1.1463
121      -6.6397     -0.56676       1.9234
122      -6.6397     -0.40613       1.9228
123      -4.6771     -0.56676      0.92281
124      -4.1956    -0.061091      0.92139
125      -6.6035      0.02757       1.9261
126      -4.1956      0.02757      0.92029
127      -6.2577     -0.56676       1.5461
128      -4.7175     -0.25031      0.90917
129      -4.7175     -0.25031      0.90917
130      -6.6397      0.02757       1.8936
131      -6.4172    -0.037262       1.6586
132      -6.4172    -0.037262       1.6586
133       -5.189     -0.56676      0.95281
134      -4.4292      -0.2318      0.82183
135      -4.4292      -0.2318      0.82183
136      -6.3947     -0.25469       1.5747
137      -6.3947     -0.25469       1.5747
138      -5.3346     -0.14764      0.99706
139      -5.3346     -0.14764      0.99706
140      -5.9336      0.02757       1.2796
141      -6.5402     -0.10934       1.6578
142      -6.5402     -0.10934       1.6578
143      -4.4864      0.02757      0.80022
144      -4.1956   -0.0045496      0.75609
145      -6.3771     -0.22059        1.445
146      -6.3771     -0.22059        1.445
147      -5.8663     -0.22694       1.0862
148      -5.8663     -0.22694       1.0862
149      -6.6397     -0.56676       1.5921
150      -6.6397     -0.46558       1.5922
151      -6.5416    -0.081167       1.5424
152      -6.5416    -0.081167       1.5424
153      -6.3751     -0.30124       1.3789
154      -6.3751     -0.30124       1.3789
155      -6.3261      0.02757       1.3754
156      -4.9977      0.02757      0.77381
157      -6.5984      0.02757       1.5845
158      -4.9144     -0.27519      0.70157
159      -4.9144     -0.27519      0.70157
160      -6.1974     -0.24388       1.2202
161      -6.1974     -0.24388       1.2202
162      -4.2513    0.0025763      0.66017
163      -4.2513    0.0025763      0.66017
164       -6.617    -0.074414       1.5455
165       -6.617    -0.074414       1.5455
166      -4.5011     -0.56676      0.61589
167      -4.1956     -0.56676      0.60298
168      -6.6397      0.02757       1.5693
169      -4.7479      0.02757      0.68031
170      -6.5916     -0.16462       1.4737
171      -6.5916     -0.16462       1.4737
172       -5.226      0.02757      0.76755
173      -5.1887     -0.25924      0.70521
174      -5.1887     -0.25924      0.70521
175      -4.1956    -0.012248      0.59174
176      -5.6995     -0.56676      0.86238
177      -6.6397     -0.52953       1.4435
178      -4.1956      0.02757      0.59094
179      -6.4012     -0.48303        1.239
180      -6.4012     -0.48303        1.239
181      -5.4462      0.02757      0.77891
182      -6.4663     -0.56676       1.2641
183      -6.1054     -0.56676       1.0259
184      -4.7905     -0.56676      0.55188
185      -6.6179      0.02757       1.4283
186       -5.704      0.02757      0.85479
187      -4.3299      0.02757      0.54343
188      -6.5563      -0.5611       1.3046
189      -6.5563      -0.5611       1.3046
190      -5.3707     -0.25696      0.68474
191      -5.3707     -0.25696      0.68474
192      -5.0642     -0.56676      0.58157
193      -4.4197     -0.18881      0.50491
194      -4.4197     -0.18881      0.50491
195      -6.5425    -0.086166       1.3138
196      -6.5425    -0.086166       1.3138
197      -6.6397     -0.23878       1.3536
198      -6.3893    -0.020564       1.1907
199      -6.3893    -0.020564       1.1907
200      -4.6954     -0.16091      0.50284
201      -4.6954     -0.16091      0.50284
202      -6.6397     -0.56676       1.2947
203      -6.6397     -0.51904       1.2949
204       -5.313     -0.56676      0.58127
205      -6.5937      0.02757       1.2771
206      -5.9721      0.02757      0.87487
207      -6.5192     -0.51915       1.1559
208      -6.5192     -0.51915       1.1559
209      -6.5342     -0.10525       1.1958
210      -6.5342     -0.10525       1.1958
211       -6.613    -0.087799       1.2585
212       -6.613    -0.087799       1.2585
213      -6.2671      0.02757       1.0282
214      -6.6397      0.02757       1.2821
215      -5.1987    -0.049039      0.52954
216      -5.1987    -0.049039      0.52954
217       -6.466     -0.40533       1.0825
218       -6.466     -0.40533       1.0825
219      -5.7342     -0.21171      0.68929
220      -5.7342     -0.21171      0.68929
221      -4.9127      0.02757      0.45387
222      -4.6737      0.02757      0.41025
223      -5.1518      0.02757      0.49749
224      -6.0146     -0.56676      0.77145
225      -4.1956     -0.56676      0.32302
226      -4.4432     -0.56676      0.32302
227      -4.4347      0.02757      0.36663
228      -4.4543      -0.4783      0.32302
229      -5.3908      0.02757      0.54111
230      -4.1956     -0.26255      0.32302
231      -4.6912     -0.56676      0.32302
232      -4.7104     -0.10725      0.34921
233      -4.7104     -0.10725      0.34921
234      -5.9829     -0.19719      0.72506
235      -5.9829     -0.19719      0.72506
236      -4.7088     -0.39124      0.32302
237      -5.5923     -0.56676      0.53179
238      -4.1956      0.02757      0.32302
239      -4.4466      0.02757      0.32974
240      -5.6298      0.02757      0.58473
241      -6.4873    -0.074628        1.018
242      -6.4873    -0.074628        1.018
243      -5.4476     -0.31935      0.47869
244      -5.4476     -0.31935      0.47869
245      -4.4439      0.02757      0.32302
246      -4.6976      0.02757      0.33646
247      -4.9397     -0.56676      0.32302
248      -4.6921      0.02757      0.32302
249      -4.9588     -0.30572      0.32302
250      -4.9247    -0.095405      0.32526
251      -4.9247    -0.095405      0.32526
252      -5.8265     -0.56676      0.56928
253      -4.9486      0.02757      0.34319
254      -5.8689      0.02757      0.62835
255      -6.6397     -0.56676       1.0296
256      -6.6397     -0.26444       1.0296
257      -4.9403      0.02757      0.32302
258      -6.4422     -0.26391      0.87993
259      -6.4422     -0.26391      0.87993
260      -5.1886     -0.56676      0.32302
261      -6.5896      0.02757       1.0027
262      -5.2039     -0.22188      0.32302
263      -5.1996      0.02757      0.34991
264      -6.6397      0.02757       1.0296
265      -6.4631     -0.56676      0.85297
266      -5.7435     -0.36079      0.47533
267      -5.7435     -0.36079      0.47533
268      -6.1079      0.02757      0.67197
269      -5.1885      0.02757      0.32302
270      -6.6212     -0.36197      0.93644
271      -5.4373     -0.56676      0.32302
272      -5.4506      0.02757      0.35663
273      -6.2864     -0.56676      0.67632
274      -5.4477     -0.13848      0.32302
275      -6.3461     -0.26391      0.69652
276      -6.3461     -0.26391      0.69652
277      -5.4367      0.02757      0.32302
278      -5.9896     -0.26454      0.50218
279      -5.9896     -0.26454      0.50218
280      -6.3469      0.02757      0.71559
281      -5.8355     -0.10733      0.43472
282      -5.8355     -0.10733      0.43472
283      -6.5363     -0.56676       0.7798
284      -6.6036      -0.1672      0.84783
285      -6.1872     -0.26391      0.56382
286      -6.1872     -0.26391      0.56382
287      -5.6855     -0.56676      0.32302
288      -6.1098     -0.56676      0.49967
289      -5.7016      0.02757      0.36336
290      -6.5859     -0.56676      0.75921
291      -6.5859     -0.26255      0.75921
292      -5.6909    -0.055297      0.32302
293      -5.6849      0.02757      0.32302
294      -6.5859      0.02757      0.75921
295      -6.5332     -0.36197      0.68022
296      -6.0716     -0.10538      0.44358
297      -6.0716     -0.10538      0.44358
298      -6.2854     -0.10538      0.54119
299      -6.2854     -0.10538      0.54119
300      -5.9331     -0.56676      0.32302
301      -5.9525      0.02757      0.37008
302      -5.9331     -0.26444      0.32302
303       -6.183     -0.56676      0.42649
304       -6.483      -0.1672       0.6051
305      -6.3947      0.02757      0.56801
306      -6.0217      -0.1672      0.34064
307      -5.9331      0.02757      0.32302
308      -6.4328     -0.56676      0.52997
309      -6.1104     -0.36197      0.35827
310      -6.4328     -0.26255      0.52997
311      -6.3538     -0.36197       0.4772
312      -6.2035     -0.56676       0.3768
313      -6.2787      -0.1672        0.427
314      -6.2035     -0.26255       0.3768
315      -6.4328      0.02757      0.52997
316      -6.2035      0.02757       0.3768
EndCoordinates

Elements
1 185 157 168 165
2 157 168 165 130
3 205 185 214 211
4 214 205 211 264
5 203 177 202 188
6 202 203 188 182
7 188 202 182 127
8 175 144 178 162
9 178 175 162 187
10 162 178 187 126
11 175 162 187 194
12 178 175 187 238
13 162 187 194 126
14 203 188 182 179
15 188 182 179 177
16 168 185 165 211
17 185 214 211 168
18 177 202 188 127
19 202 203 182 207
20 205 185 211 195
21 211 205 195 209
22 195 211 209 197
23 185 157 165 151
24 157 165 151 142
25 165 151 142 150
26 157 165 142 130
27 203 177 188 179
28 211 205 209 264
29 151 157 142 131
30 177 150 149 127
31 205 195 209 155
32 175 162 194 144
33 144 124 126 194
34 165 185 151 170
35 151 165 170 150
36 142 151 131 136
37 144 178 162 126
38 185 211 195 170
39 202 203 207 255
40 205 185 195 151
41 187 175 194 238
42 185 157 151 205
43 195 211 197 170
44 182 202 207 255
45 185 151 170 195
46 124 108 126 143
47 239 248 245 194
48 165 185 170 211
49 203 182 207 179
50 182 207 179 265
51 238 239 245 194
52 253 269 257 249
53 239 246 248 194
54 151 157 131 155
55 157 142 131 125
56 246 253 257 250
57 253 257 250 249
58 263 277 269 262
59 188 182 177 127
60 197 195 170 153
61 253 263 269 249
62 272 293 277 292
63 263 272 277 274
64 272 277 274 292
65 289 307 293 292
66 293 289 292 272
67 269 263 262 249
68 151 170 195 145
69 227 239 238 194
70 289 301 307 292
71 209 195 197 153
72 295 310 304 276
73 310 304 276 298
74 270 291 284 258
75 291 284 258 276
76 311 314 313 285
77 314 313 285 296
78 309 302 306 279
79 302 306 279 282
80 227 246 239 194
81 211 197 170 165
82 284 256 270 258
83 313 310 311 285
84 306 314 309 279
85 304 291 295 276
86 310 304 298 315
87 314 313 296 316
88 222 221 246 232
89 246 222 232 194
90 302 306 282 292
91 142 151 136 150
92 197 170 165 150
93 211 209 197 256
94 108 99 102 143
95 261 264 294 284
96 261 264 284 256
97 301 316 307 306
98 307 301 306 279
99 203 177 179 150
100 151 170 145 136
101 162 194 144 126
102 261 205 264 209
103 264 261 209 256
104 222 246 227 194
105 301 307 292 282
106 301 307 282 279
107 151 170 136 150
108 228 231 226 166
109 207 182 255 265
110 256 270 258 217
111 256 270 217 255
112 314 309 279 285
113 314 309 285 288
114 310 311 285 276
115 310 311 276 308
116 291 295 276 258
117 291 295 258 290
118 170 145 136 150
119 131 142 136 114
120 255 283 290 270
121 283 290 270 258
122 316 305 315 298
123 305 315 298 304
124 305 315 304 294
125 308 303 312 311
126 303 312 311 314
127 290 283 308 295
128 290 283 295 258
129 312 303 300 309
130 312 303 309 314
131 289 292 272 240
132 182 179 177 127
133 145 151 136 131
134 177 149 202 127
135 309 302 279 300
136 295 310 276 308
137 270 291 258 290
138 311 314 285 288
139 289 292 240 282
140 289 292 282 301
141 298 305 304 280
142 298 305 280 268
143 225 228 226 167
144 211 214 264 256
145 194 175 144 124
146 221 253 246 232
147 207 203 179 217
148 303 273 288 311
149 265 283 255 270
150 300 303 288 309
151 303 288 309 314
152 257 246 250 248
153 246 250 248 232
154 248 246 232 194
155 246 250 232 253
156 250 232 253 221
157 253 250 221 215
158 250 248 232 249
159 313 296 316 268
160 276 310 298 285
161 298 276 285 268
162 285 314 296 279
163 296 285 279 268
164 305 304 280 294
165 279 302 282 267
166 250 257 248 249
167 291 294 284 276
168 304 276 298 280
169 313 285 296 268
170 306 279 282 307
171 282 306 307 292
172 302 307 306 292
173 165 168 211 197
174 282 289 301 254
175 203 207 255 217
176 207 255 217 265
177 265 283 270 258
178 313 310 285 298
179 285 313 298 268
180 313 310 298 315
181 298 313 315 316
182 298 313 316 268
183 304 291 276 294
184 306 314 279 296
185 279 306 296 301
186 306 296 301 316
187 306 314 296 316
188 296 301 316 268
189 284 256 258 242
190 195 205 151 155
191 136 145 131 117
192 258 284 242 276
193 170 195 145 153
194 145 170 153 150
195 195 145 153 155
196 309 279 285 288
197 250 232 221 249
198 311 285 276 273
199 295 276 258 273
200 209 211 264 256
201 222 221 232 200
202 232 222 200 194
203 214 211 168 197
204 214 211 197 256
205 179 207 217 265
206 223 229 263 215
207 263 223 215 221
208 223 229 215 172
209 215 223 172 156
210 223 215 221 156
211 316 305 298 268
212 221 263 253 215
213 229 263 215 262
214 250 253 249 215
215 195 209 155 153
216 270 258 217 265
217 284 256 242 261
218 242 284 261 294
219 261 205 209 199
220 205 209 199 155
221 209 199 155 153
222 274 272 292 240
223 261 242 294 280
224 270 217 255 265
225 256 242 261 209
226 242 261 209 199
227 209 242 199 258
228 242 261 199 213
229 199 242 213 258
230 256 242 209 258
231 131 142 114 116
232 288 303 311 314
233 170 197 153 150
234 145 151 131 155
235 226 228 166 167
236 265 308 283 295
237 283 265 295 258
238 231 228 236 166
239 145 153 155 140
240 301 282 254 279
241 157 125 130 142
242 125 130 142 122
243 165 168 197 150
244 296 279 301 254
245 277 263 274 262
246 238 187 227 194
247 187 227 194 222
248 177 179 150 127
249 242 261 213 280
250 199 205 155 213
251 231 236 247 184
252 279 302 267 300
253 272 263 229 274
254 229 272 274 240
255 195 151 145 155
256 263 215 262 249
257 221 232 200 249
258 240 289 282 254
259 231 236 184 166
260 258 256 217 209
261 282 302 292 267
262 280 298 268 276
263 157 151 205 155
264 126 124 143 194
265 242 284 294 276
266 287 237 271 267
267 229 215 172 190
268 125 111 130 122
269 172 181 229 190
270 304 276 280 294
271 222 221 200 169
272 273 303 308 311
273 308 273 311 276
274 252 237 287 267
275 252 237 267 176
276 168 165 130 150
277 221 250 249 215
278 254 206 268 234
279 229 181 240 190
280 200 222 169 194
281 292 240 282 267
282 155 199 213 160
283 125 105 111 106
284 105 111 106 104
285 111 106 104 122
286 106 105 104 101
287 203 179 217 197
288 263 253 215 249
289 182 179 127 183
290 282 279 267 254
291 301 296 254 268
292 282 240 254 267
293 288 300 309 279
294 217 256 255 203
295 268 254 234 279
296 206 268 234 213
297 131 136 117 114
298 150 121 149 127
299 165 142 130 150
300 261 205 199 213
301 273 308 265 295
302 175 194 238 230
303 142 131 125 116
304 125 142 116 122
305 142 136 114 150
306 287 252 267 300
307 203 179 197 150
308 105 111 104 92
309 273 308 295 276
310 240 186 254 220
311 172 215 156 190
312 254 240 220 267
313 131 125 116 117
314 254 206 234 186
315 263 274 262 229
316 288 252 300 279
317 209 197 256 217
318 279 296 268 254
319 117 131 114 116
320 105 97 111 92
321 74 65 66 64
322 65 66 64 62
323 83 74 75 73
324 74 75 73 66
325 249 247 236 184
326 181 186 240 220
327 197 209 153 217
328 108 102 126 143
329 94 83 86 82
330 83 86 82 75
331 209 199 153 217
332 105 94 97 92
333 94 97 92 86
334 271 204 260 262
335 265 295 258 273
336 204 192 260 262
337 260 192 247 249
338 124 99 108 143
339 273 224 288 285
340 252 267 300 279
341 267 287 300 302
342 237 204 271 244
343 232 200 249 236
344 232 200 236 194
345 258 217 265 183
346 155 199 160 153
347 247 192 184 249
348 221 200 169 156
349 229 215 190 244
350 122 121 150 127
351 311 285 273 288
352 254 234 279 220
353 254 234 220 186
354 234 279 220 224
355 271 237 244 267
356 199 213 160 258
357 242 258 276 213
358 145 136 150 127
359 279 285 288 224
360 131 145 155 117
361 155 131 117 157
362 131 117 157 125
363 237 244 267 220
364 234 268 279 285
365 279 234 285 224
366 234 268 285 276
367 285 234 276 224
368 285 276 273 224
369 224 252 288 279
370 252 267 279 224
371 215 229 262 244
372 145 136 127 117
373 172 181 190 139
374 172 181 139 120
375 142 114 116 122
376 245 238 194 230
377 249 232 236 248
378 232 236 248 194
379 153 145 150 127
380 153 145 127 140
381 194 187 222 143
382 194 187 143 126
383 237 204 244 190
384 204 244 190 215
385 66 74 64 73
386 111 125 106 122
387 204 271 244 262
388 199 160 153 217
389 274 229 240 244
390 274 229 244 262
391 244 274 262 271
392 242 294 280 276
393 74 65 64 52
394 65 64 52 62
395 217 256 203 197
396 292 274 240 267
397 175 194 230 167
398 209 199 217 258
399 194 175 124 167
400 190 229 244 240
401 200 249 236 184
402 271 287 267 274
403 268 280 276 213
404 276 258 273 224
405 213 242 280 276
406 160 153 217 179
407 153 217 179 197
408 179 153 197 150
409 160 153 179 127
410 153 179 127 150
411 230 228 225 167
412 267 287 302 292
413 160 155 153 140
414 206 234 186 148
415 224 176 252 267
416 234 220 186 148
417 122 103 121 95
418 139 172 120 156
419 244 237 190 220
420 244 267 220 240
421 240 181 220 190
422 125 105 106 116
423 106 125 116 122
424 105 106 116 101
425 125 105 116 101
426 116 125 101 117
427 215 262 249 192
428 267 237 220 176
429 181 139 120 186
430 279 254 220 267
431 220 279 267 224
432 181 190 139 220
433 262 215 244 204
434 181 186 220 139
435 258 265 273 183
436 183 224 273 258
437 262 260 249 192
438 75 83 73 82
439 114 116 122 95
440 244 274 271 267
441 244 274 267 240
442 215 221 156 249
443 106 104 122 116
444 106 104 116 101
445 190 244 220 240
446 217 160 179 183
447 190 172 139 156
448 248 245 194 236
449 27 33 39 31
450 33 39 31 37
451 74 64 73 52
452 83 74 73 55
453 74 73 55 45
454 228 236 166 194
455 200 169 156 128
456 136 117 114 127
457 145 155 117 140
458 142 114 122 150
459 114 117 116 101
460 116 114 101 95
461 236 184 166 200
462 186 206 148 140
463 104 103 122 95
464 124 143 194 134
465 143 194 134 128
466 124 143 134 128
467 194 124 134 118
468 206 234 148 213
469 143 169 222 194
470 143 169 194 128
471 292 274 267 287
472 200 221 249 156
473 228 166 167 194
474 234 268 276 213
475 194 245 230 228
476 237 204 190 176
477 182 179 183 265
478 143 169 128 112
479 258 276 213 234
480 213 155 160 140
481 169 200 194 128
482 204 133 192 173
483 192 204 173 215
484 183 176 224 148
485 184 123 166 128
486 55 74 45 83
487 86 94 82 92
488 217 179 265 183
489 160 153 127 140
490 192 184 249 159
491 192 184 159 128
492 199 160 217 258
493 160 217 258 183
494 169 156 128 112
495 234 220 148 224
496 136 114 150 127
497 83 73 82 55
498 128 143 112 99
499 82 83 55 70
500 82 83 70 94
501 258 276 234 224
502 33 56 39 59
503 206 148 140 213
504 31 33 37 18
505 114 122 150 127
506 73 55 45 46
507 27 33 31 18
508 104 91 103 79
509 220 186 148 139
510 167 166 118 134
511 64 52 62 39
512 74 73 45 52
513 220 267 176 224
514 104 103 95 79
515 194 134 128 166
516 249 192 159 156
517 215 156 190 173
518 190 215 173 204
519 173 190 204 133
520 215 156 173 192
521 156 190 173 139
522 190 173 139 133
523 179 160 127 183
524 121 122 95 100
525 184 249 159 200
526 249 159 200 156
527 159 200 156 128
528 159 200 128 184
529 156 159 128 133
530 122 142 150 130
531 99 72 102 98
532 213 160 258 234
533 39 31 37 52
534 173 156 139 133
535 133 192 173 156
536 160 213 140 148
537 140 160 148 127
538 230 228 167 194
539 120 139 156 128
540 204 192 262 215
541 123 166 128 118
542 166 236 200 194
543 237 220 176 190
544 134 124 128 109
545 128 134 109 118
546 134 109 118 124
547 114 117 101 100
548 92 91 104 79
549 94 82 92 70
550 167 166 134 194
551 190 204 133 176
552 55 45 46 42
553 160 213 148 234
554 224 183 148 234
555 224 183 234 258
556 192 123 184 128
557 184 166 200 128
558 139 120 186 148
559 134 128 166 118
560 176 220 224 148
561 64 73 52 46
562 92 94 70 88
563 39 27 31 38
564 83 70 94 63
565 83 70 63 45
566 70 94 63 88
567 63 70 88 53
568 148 186 140 120
569 105 94 92 88
570 73 82 55 46
571 83 55 70 45
572 27 15 18 21
573 18 27 21 31
574 68 72 99 80
575 68 72 80 50
576 68 72 50 40
577 33 39 37 59
578 109 118 124 99
579 190 139 220 176
580 159 192 128 133
581 159 192 133 156
582 104 122 116 95
583 156 128 112 120
584 92 78 91 53
585 139 190 133 176
586 124 109 99 128
587 118 167 134 194
588 15 18 21 7
589 12 8 15 14
590 12 8 14 2
591 176 220 148 139
592 122 121 127 100
593 124 143 128 99
594 104 105 92 88
595 104 105 88 101
596 105 88 101 77
597 88 101 77 95
598 105 88 77 94
599 55 82 70 49
600 228 236 194 245
601 109 118 99 96
602 109 118 96 123
603 109 118 123 128
604 123 109 128 89
605 99 109 96 89
606 200 194 128 166
607 148 160 234 183
608 148 160 183 127
609 82 92 70 53
610 258 160 183 234
611 122 114 95 100
612 156 215 249 192
613 183 176 148 119
614 176 148 119 139
615 95 104 79 88
616 78 92 82 53
617 92 91 79 53
618 27 24 15 21
619 63 70 53 42
620 63 70 42 45
621 55 70 45 42
622 88 77 94 63
623 88 77 63 53
624 79 95 88 77
625 88 79 77 53
626 27 21 31 38
627 119 133 176 139
628 99 102 143 112
629 99 102 112 98
630 24 15 21 28
631 71 49 78 46
632 71 49 46 37
633 49 46 37 26
634 46 71 37 59
635 49 78 46 82
636 46 71 59 73
637 46 71 73 78
638 104 116 101 95
639 114 122 127 100
640 92 104 88 79
641 99 68 80 84
642 68 80 84 61
643 84 68 61 96
644 61 84 96 89
645 84 68 96 99
646 96 84 99 89
647 80 99 84 98
648 80 68 50 61
649 72 80 50 60
650 80 50 60 58
651 50 72 60 40
652 72 80 60 98
653 60 50 40 43
654 60 50 43 58
655 50 40 43 32
656 80 60 98 58
657 127 145 117 140
658 96 109 123 89
659 114 95 100 101
660 56 39 59 64
661 72 99 80 98
662 5 17 4 16
663 73 78 82 46
664 37 46 59 64
665 95 67 100 101
666 15 12 14 24
667 119 133 139 93
668 79 67 95 77
669 192 123 128 133
670 123 128 133 89
671 80 84 61 58
672 52 38 62 39
673 139 120 148 93
674 16 6 3 10
675 6 3 10 1
676 88 104 101 95
677 17 19 34 32
678 127 114 100 117
679 31 39 38 52
680 118 124 167 194
681 49 78 82 53
682 63 48 44 42
683 44 63 42 45
684 42 44 45 28
685 48 44 42 25
686 50 68 40 36
687 40 50 36 32
688 50 68 36 61
689 27 24 21 38
690 34 36 61 50
691 34 36 50 32
692 70 92 88 53
693 55 70 42 49
694 45 73 46 52
695 5 4 1 3
696 5 4 3 16
697 148 183 119 127
698 139 156 128 133
699 21 18 31 37
700 31 21 37 45
701 88 92 79 53
702 101 90 77 67
703 109 99 128 98
704 46 49 82 55
705 46 49 55 42
706 46 49 42 26
707 8 15 14 7
708 14 8 7 1
709 17 5 19 16
710 19 17 16 32
711 98 60 76 58
712 117 90 101 100
713 98 120 112 128
714 112 98 128 99
715 61 84 89 58
716 84 80 98 58
717 14 15 24 28
718 21 24 28 38
719 120 139 128 89
720 31 37 52 45
721 34 19 36 32
722 148 119 139 93
723 64 59 73 46
724 32 20 16 29
725 52 64 46 37
726 70 53 42 49
727 53 42 49 26
728 15 21 28 14
729 15 21 14 7
730 53 63 42 48
731 46 45 52 37
732 46 45 37 26
733 64 52 39 37
734 77 48 63 53
735 82 70 49 53
736 60 43 76 58
737 101 77 95 67
738 20 6 16 10
739 45 46 42 26
740 57 90 76 58
741 56 62 39 64
742 39 37 59 64
743 140 148 120 93
744 128 139 133 89
745 67 79 53 77
746 3 5 16 10
747 3 5 10 1
748 76 120 98 93
749 109 128 89 98
750 84 99 89 98
751 38 31 52 45
752 36 19 40 32
753 42 44 28 25
754 20 16 29 10
755 100 127 117 140
756 12 14 24 28
757 58 35 32 57
758 148 119 93 100
759 140 90 117 100
760 35 20 32 29
761 48 77 57 67
762 139 120 93 89
763 89 84 98 58
764 148 140 127 100
765 40 19 23 43
766 21 28 14 25
767 50 80 61 58
768 18 21 7 26
769 18 21 26 37
770 21 26 37 45
771 99 109 89 98
772 5 16 10 19
773 98 120 128 89
774 42 53 48 35
775 58 89 93 98
776 20 6 10 14
777 6 10 14 1
778 76 57 58 43
779 57 77 90 67
780 61 34 50 58
781 19 11 23 29
782 45 42 28 26
783 10 5 19 11
784 10 5 11 2
785 11 10 2 14
786 93 67 58 90
787 35 58 67 57
788 43 50 32 58
789 21 28 25 26
790 21 28 26 45
791 53 42 26 35
792 21 28 45 38
793 5 10 1 2
794 21 31 38 45
795 133 139 93 89
796 90 101 100 67
797 100 90 67 93
798 90 57 67 58
799 32 35 29 57
800 28 14 25 12
801 11 10 14 25
802 98 120 89 93
803 23 19 29 43
804 98 76 93 58
805 76 93 58 90
806 19 10 11 29
807 16 32 29 19
808 48 77 67 53
809 53 35 67 48
810 2 1 8 10
811 42 28 26 25
812 119 148 127 100
813 21 14 7 6
814 14 7 6 1
815 57 48 67 35
816 57 48 35 29
817 8 14 2 10
818 8 14 10 1
819 43 29 57 32
820 43 29 32 19
821 48 42 35 25
822 25 21 26 14
823 21 26 14 6
824 26 42 25 35
825 14 25 12 11
826 140 148 93 100
827 32 58 57 43
828 16 10 19 29
829 76 93 90 120
830 10 14 25 20
831 14 12 2 11
832 35 26 20 25
833 26 20 25 14
834 35 20 29 25
835 20 29 25 10
836 100 90 93 140
837 20 6 14 26
838 40 19 43 32
839 48 29 25 35
840 120 90 140 93
841 50 34 32 58
842 11 10 25 29
843 21 7 26 6
844 185 157 168 164
845 157 168 164 130
846 205 185 214 212
847 214 205 212 264
848 203 177 202 189
849 202 203 189 182
850 189 202 182 127
851 175 144 178 163
852 178 175 163 187
853 163 178 187 126
854 175 163 187 193
855 178 175 187 238
856 163 187 193 126
857 203 189 182 180
858 189 182 180 177
859 168 185 164 212
860 185 214 212 168
861 177 202 189 127
862 202 203 182 208
863 205 185 212 196
864 212 205 196 210
865 196 212 210 197
866 185 157 164 152
867 157 164 152 141
868 164 152 141 150
869 157 164 141 130
870 203 177 189 180
871 212 205 210 264
872 152 157 141 132
873 177 150 149 127
874 205 196 210 155
875 175 163 193 144
876 144 124 126 193
877 164 185 152 171
878 152 164 171 150
879 141 152 132 137
880 144 178 163 126
881 185 212 196 171
882 202 203 208 255
883 205 185 196 152
884 187 175 193 238
885 185 157 152 205
886 196 212 197 171
887 182 202 208 255
888 185 152 171 196
889 124 108 126 143
890 239 248 245 193
891 164 185 171 212
892 203 182 208 180
893 182 208 180 265
894 238 239 245 193
895 253 269 257 249
896 239 246 248 193
897 152 157 132 155
898 157 141 132 125
899 246 253 257 251
900 253 257 251 249
901 263 277 269 262
902 189 182 177 127
903 197 196 171 154
904 253 263 269 249
905 272 293 277 292
906 263 272 277 274
907 272 277 274 292
908 289 307 293 292
909 293 289 292 272
910 269 263 262 249
911 152 171 196 146
912 227 239 238 193
913 289 301 307 292
914 210 196 197 154
915 295 310 304 275
916 310 304 275 299
917 270 291 284 259
918 291 284 259 275
919 311 314 313 286
920 314 313 286 297
921 309 302 306 278
922 302 306 278 281
923 227 246 239 193
924 212 197 171 164
925 284 256 270 259
926 313 310 311 286
927 306 314 309 278
928 304 291 295 275
929 310 304 299 315
930 314 313 297 316
931 222 221 246 233
932 246 222 233 193
933 302 306 281 292
934 141 152 137 150
935 197 171 164 150
936 212 210 197 256
937 108 99 102 143
938 261 264 294 284
939 261 264 284 256
940 301 316 307 306
941 307 301 306 278
942 203 177 180 150
943 152 171 146 137
944 163 193 144 126
945 261 205 264 210
946 264 261 210 256
947 222 246 227 193
948 301 307 292 281
949 301 307 281 278
950 152 171 137 150
951 228 231 226 166
952 208 182 255 265
953 256 270 259 218
954 256 270 218 255
955 314 309 278 286
956 314 309 286 288
957 310 311 286 275
958 310 311 275 308
959 291 295 275 259
960 291 295 259 290
961 171 146 137 150
962 132 141 137 113
963 255 283 290 270
964 283 290 270 259
965 316 305 315 299
966 305 315 299 304
967 305 315 304 294
968 308 303 312 311
969 303 312 311 314
970 290 283 308 295
971 290 283 295 259
972 312 303 300 309
973 312 303 309 314
974 289 292 272 240
975 182 180 177 127
976 146 152 137 132
977 177 149 202 127
978 309 302 278 300
979 295 310 275 308
980 270 291 259 290
981 311 314 286 288
982 289 292 240 281
983 289 292 281 301
984 299 305 304 280
985 299 305 280 268
986 225 228 226 167
987 212 214 264 256
988 193 175 144 124
989 221 253 246 233
990 208 203 180 218
991 303 273 288 311
992 265 283 255 270
993 300 303 288 309
994 303 288 309 314
995 257 246 251 248
996 246 251 248 233
997 248 246 233 193
998 246 251 233 253
999 251 233 253 221
1000 253 251 221 216
1001 251 248 233 249
1002 313 297 316 268
1003 275 310 299 286
1004 299 275 286 268
1005 286 314 297 278
1006 297 286 278 268
1007 305 304 280 294
1008 278 302 281 266
1009 251 257 248 249
1010 291 294 284 275
1011 304 275 299 280
1012 313 286 297 268
1013 306 278 281 307
1014 281 306 307 292
1015 302 307 306 292
1016 164 168 212 197
1017 281 289 301 254
1018 203 208 255 218
1019 208 255 218 265
1020 265 283 270 259
1021 313 310 286 299
1022 286 313 299 268
1023 313 310 299 315
1024 299 313 315 316
1025 299 313 316 268
1026 304 291 275 294
1027 306 314 278 297
1028 278 306 297 301
1029 306 297 301 316
1030 306 314 297 316
1031 297 301 316 268
1032 284 256 259 241
1033 196 205 152 155
1034 137 146 132 117
1035 259 284 241 275
1036 171 196 146 154
1037 146 171 154 150
1038 196 146 154 155
1039 309 278 286 288
1040 251 233 221 249
1041 311 286 275 273
1042 295 275 259 273
1043 210 212 264 256
1044 222 221 233 201
1045 233 222 201 193
1046 214 212 168 197
1047 214 212 197 256
1048 180 208 218 265
1049 223 229 263 216
1050 263 223 216 221
1051 223 229 216 172
1052 216 223 172 156
1053 223 216 221 156
1054 316 305 299 268
1055 221 263 253 216
1056 229 263 216 262
1057 251 253 249 216
1058 196 210 155 154
1059 270 259 218 265
1060 284 256 241 261
1061 241 284 261 294
1062 261 205 210 198
1063 205 210 198 155
1064 210 198 155 154
1065 274 272 292 240
1066 261 241 294 280
1067 270 218 255 265
1068 256 241 261 210
1069 241 261 210 198
1070 210 241 198 259
1071 241 261 198 213
1072 198 241 213 259
1073 256 241 210 259
1074 132 141 113 115
1075 288 303 311 314
1076 171 197 154 150
1077 146 152 132 155
1078 226 228 166 167
1079 265 308 283 295
1080 283 265 295 259
1081 231 228 236 166
1082 146 154 155 140
1083 301 281 254 278
1084 157 125 130 141
1085 125 130 141 122
1086 164 168 197 150
1087 297 278 301 254
1088 277 263 274 262
1089 238 187 227 193
1090 187 227 193 222
1091 177 180 150 127
1092 241 261 213 280
1093 198 205 155 213
1094 231 236 247 184
1095 278 302 266 300
1096 272 263 229 274
1097 229 272 274 240
1098 196 152 146 155
1099 263 216 262 249
1100 221 233 201 249
1101 240 289 281 254
1102 231 236 184 166
1103 259 256 218 210
1104 281 302 292 266
1105 280 299 268 275
1106 157 152 205 155
1107 126 124 143 193
1108 241 284 294 275
1109 287 237 271 266
1110 229 216 172 191
1111 125 111 130 122
1112 172 181 229 191
1113 304 275 280 294
1114 222 221 201 169
1115 273 303 308 311
1116 308 273 311 275
1117 252 237 287 266
1118 252 237 266 176
1119 168 164 130 150
1120 221 251 249 216
1121 254 206 268 235
1122 229 181 240 191
1123 201 222 169 193
1124 292 240 281 266
1125 155 198 213 161
1126 125 105 111 107
1127 105 111 107 104
1128 111 107 104 122
1129 107 105 104 101
1130 203 180 218 197
1131 263 253 216 249
1132 182 180 127 183
1133 281 278 266 254
1134 301 297 254 268
1135 281 240 254 266
1136 288 300 309 278
1137 218 256 255 203
1138 268 254 235 278
1139 206 268 235 213
1140 132 137 117 113
1141 150 121 149 127
1142 164 141 130 150
1143 261 205 198 213
1144 273 308 265 295
1145 175 193 238 230
1146 141 132 125 115
1147 125 141 115 122
1148 141 137 113 150
1149 287 252 266 300
1150 203 180 197 150
1151 105 111 104 92
1152 273 308 295 275
1153 240 186 254 219
1154 172 216 156 191
1155 254 240 219 266
1156 132 125 115 117
1157 254 206 235 186
1158 263 274 262 229
1159 288 252 300 278
1160 210 197 256 218
1161 278 297 268 254
1162 117 132 113 115
1163 105 97 111 92
1164 74 65 66 64
1165 65 66 64 62
1166 83 74 75 73
1167 74 75 73 66
1168 249 247 236 184
1169 181 186 240 219
1170 197 210 154 218
1171 108 102 126 143
1172 94 83 86 82
1173 83 86 82 75
1174 210 198 154 218
1175 105 94 97 92
1176 94 97 92 86
1177 271 204 260 262
1178 265 295 259 273
1179 204 192 260 262
1180 260 192 247 249
1181 124 99 108 143
1182 273 224 288 286
1183 252 266 300 278
1184 266 287 300 302
1185 237 204 271 243
1186 233 201 249 236
1187 233 201 236 193
1188 259 218 265 183
1189 155 198 161 154
1190 247 192 184 249
1191 221 201 169 156
1192 229 216 191 243
1193 122 121 150 127
1194 311 286 273 288
1195 254 235 278 219
1196 254 235 219 186
1197 235 278 219 224
1198 271 237 243 266
1199 198 213 161 259
1200 241 259 275 213
1201 146 137 150 127
1202 278 286 288 224
1203 132 146 155 117
1204 155 132 117 157
1205 132 117 157 125
1206 237 243 266 219
1207 235 268 278 286
1208 278 235 286 224
1209 235 268 286 275
1210 286 235 275 224
1211 286 275 273 224
1212 224 252 288 278
1213 252 266 278 224
1214 216 229 262 243
1215 146 137 127 117
1216 172 181 191 138
1217 172 181 138 120
1218 141 113 115 122
1219 245 238 193 230
1220 249 233 236 248
1221 233 236 248 193
1222 154 146 150 127
1223 154 146 127 140
1224 193 187 222 143
1225 193 187 143 126
1226 237 204 243 191
1227 204 243 191 216
1228 66 74 64 73
1229 111 125 107 122
1230 204 271 243 262
1231 198 161 154 218
1232 274 229 240 243
1233 274 229 243 262
1234 243 274 262 271
1235 241 294 280 275
1236 74 65 64 52
1237 65 64 52 62
1238 218 256 203 197
1239 292 274 240 266
1240 175 193 230 167
1241 210 198 218 259
1242 193 175 124 167
1243 191 229 243 240
1244 201 249 236 184
1245 271 287 266 274
1246 268 280 275 213
1247 275 259 273 224
1248 213 241 280 275
1249 161 154 218 180
1250 154 218 180 197
1251 180 154 197 150
1252 161 154 180 127
1253 154 180 127 150
1254 230 228 225 167
1255 266 287 302 292
1256 161 155 154 140
1257 206 235 186 147
1258 224 176 252 266
1259 235 219 186 147
1260 122 103 121 95
1261 138 172 120 156
1262 243 237 191 219
1263 243 266 219 240
1264 240 181 219 191
1265 125 105 107 115
1266 107 125 115 122
1267 105 107 115 101
1268 125 105 115 101
1269 115 125 101 117
1270 216 262 249 192
1271 266 237 219 176
1272 181 138 120 186
1273 278 254 219 266
1274 219 278 266 224
1275 181 191 138 219
1276 262 216 243 204
1277 181 186 219 138
1278 259 265 273 183
1279 183 224 273 259
1280 262 260 249 192
1281 75 83 73 82
1282 113 115 122 95
1283 243 274 271 266
1284 243 274 266 240
1285 216 221 156 249
1286 107 104 122 115
1287 107 104 115 101
1288 191 243 219 240
1289 218 161 180 183
1290 191 172 138 156
1291 248 245 193 236
1292 27 33 39 30
1293 33 39 30 37
1294 74 64 73 52
1295 83 74 73 54
1296 74 73 54 45
1297 228 236 166 193
1298 201 169 156 129
1299 137 117 113 127
1300 146 155 117 140
1301 141 113 122 150
1302 113 117 115 101
1303 115 113 101 95
1304 236 184 166 201
1305 186 206 147 140
1306 104 103 122 95
1307 124 143 193 135
1308 143 193 135 129
1309 124 143 135 129
1310 193 124 135 118
1311 206 235 147 213
1312 143 169 222 193
1313 143 169 193 129
1314 292 274 266 287
1315 201 221 249 156
1316 228 166 167 193
1317 235 268 275 213
1318 193 245 230 228
1319 237 204 191 176
1320 182 180 183 265
1321 143 169 129 112
1322 259 275 213 235
1323 213 155 161 140
1324 169 201 193 129
1325 204 133 192 174
1326 192 204 174 216
1327 183 176 224 147
1328 184 123 166 129
1329 54 74 45 83
1330 86 94 82 92
1331 218 180 265 183
1332 161 154 127 140
1333 192 184 249 158
1334 192 184 158 129
1335 198 161 218 259
1336 161 218 259 183
1337 169 156 129 112
1338 235 219 147 224
1339 137 113 150 127
1340 83 73 82 54
1341 129 143 112 99
1342 82 83 54 69
1343 82 83 69 94
1344 259 275 235 224
1345 33 56 39 59
1346 206 147 140 213
1347 30 33 37 18
1348 113 122 150 127
1349 73 54 45 47
1350 27 33 30 18
1351 104 91 103 79
1352 219 186 147 138
1353 167 166 118 135
1354 64 52 62 39
1355 74 73 45 52
1356 219 266 176 224
1357 104 103 95 79
1358 193 135 129 166
1359 249 192 158 156
1360 216 156 191 174
1361 191 216 174 204
1362 174 191 204 133
1363 216 156 174 192
1364 156 191 174 138
1365 191 174 138 133
1366 180 161 127 183
1367 121 122 95 100
1368 184 249 158 201
1369 249 158 201 156
1370 158 201 156 129
1371 158 201 129 184
1372 156 158 129 133
1373 122 141 150 130
1374 99 72 102 98
1375 213 161 259 235
1376 39 30 37 52
1377 174 156 138 133
1378 133 192 174 156
1379 161 213 140 147
1380 140 161 147 127
1381 230 228 167 193
1382 120 138 156 129
1383 204 192 262 216
1384 123 166 129 118
1385 166 236 201 193
1386 237 219 176 191
1387 135 124 129 110
1388 129 135 110 118
1389 135 110 118 124
1390 113 117 101 100
1391 92 91 104 79
1392 94 82 92 69
1393 167 166 135 193
1394 191 204 133 176
1395 54 45 47 41
1396 161 213 147 235
1397 224 183 147 235
1398 224 183 235 259
1399 192 123 184 129
1400 184 166 201 129
1401 138 120 186 147
1402 135 129 166 118
1403 176 219 224 147
1404 64 73 52 47
1405 92 94 69 87
1406 39 27 30 38
1407 83 69 94 63
1408 83 69 63 45
1409 69 94 63 87
1410 63 69 87 53
1411 147 186 140 120
1412 105 94 92 87
1413 73 82 54 47
1414 83 54 69 45
1415 27 15 18 22
1416 18 27 22 30
1417 68 72 99 81
1418 68 72 81 51
1419 68 72 51 40
1420 33 39 37 59
1421 110 118 124 99
1422 191 138 219 176
1423 158 192 129 133
1424 158 192 133 156
1425 104 122 115 95
1426 156 129 112 120
1427 92 78 91 53
1428 138 191 133 176
1429 124 110 99 129
1430 118 167 135 193
1431 15 18 22 7
1432 12 8 15 13
1433 12 8 13 2
1434 176 219 147 138
1435 122 121 127 100
1436 124 143 129 99
1437 104 105 92 87
1438 104 105 87 101
1439 105 87 101 77
1440 87 101 77 95
1441 105 87 77 94
1442 54 82 69 49
1443 228 236 193 245
1444 110 118 99 96
1445 110 118 96 123
1446 110 118 123 129
1447 123 110 129 89
1448 99 110 96 89
1449 201 193 129 166
1450 147 161 235 183
1451 147 161 183 127
1452 82 92 69 53
1453 259 161 183 235
1454 122 113 95 100
1455 156 216 249 192
1456 183 176 147 119
1457 176 147 119 138
1458 95 104 79 87
1459 78 92 82 53
1460 92 91 79 53
1461 27 24 15 22
1462 63 69 53 41
1463 63 69 41 45
1464 54 69 45 41
1465 87 77 94 63
1466 87 77 63 53
1467 79 95 87 77
1468 87 79 77 53
1469 27 22 30 38
1470 119 133 176 138
1471 99 102 143 112
1472 99 102 112 98
1473 24 15 22 28
1474 71 49 78 47
1475 71 49 47 37
1476 49 47 37 26
1477 47 71 37 59
1478 49 78 47 82
1479 47 71 59 73
1480 47 71 73 78
1481 104 115 101 95
1482 113 122 127 100
1483 92 104 87 79
1484 99 68 81 85
1485 68 81 85 61
1486 85 68 61 96
1487 61 85 96 89
1488 85 68 96 99
1489 96 85 99 89
1490 81 99 85 98
1491 81 68 51 61
1492 72 81 51 60
1493 81 51 60 58
1494 51 72 60 40
1495 72 81 60 98
1496 60 51 40 43
1497 60 51 43 58
1498 51 40 43 32
1499 81 60 98 58
1500 127 146 117 140
1501 96 110 123 89
1502 113 95 100 101
1503 56 39 59 64
1504 72 99 81 98
1505 5 17 4 16
1506 73 78 82 47
1507 37 47 59 64
1508 95 67 100 101
1509 15 12 13 24
1510 119 133 138 93
1511 79 67 95 77
1512 192 123 129 133
1513 123 129 133 89
1514 81 85 61 58
1515 52 38 62 39
1516 138 120 147 93
1517 16 6 3 9
1518 6 3 9 1
1519 87 104 101 95
1520 17 19 34 32
1521 127 113 100 117
1522 30 39 38 52
1523 118 124 167 193
1524 49 78 82 53
1525 63 48 44 41
1526 44 63 41 45
1527 41 44 45 28
1528 48 44 41 25
1529 51 68 40 36
1530 40 51 36 32
1531 51 68 36 61
1532 27 24 22 38
1533 34 36 61 51
1534 34 36 51 32
1535 69 92 87 53
1536 54 69 41 49
1537 45 73 47 52
1538 5 4 1 3
1539 5 4 3 16
1540 147 183 119 127
1541 138 156 129 133
1542 22 18 30 37
1543 30 22 37 45
1544 87 92 79 53
1545 101 90 77 67
1546 110 99 129 98
1547 47 49 82 54
1548 47 49 54 41
1549 47 49 41 26
1550 8 15 13 7
1551 13 8 7 1
1552 17 5 19 16
1553 19 17 16 32
1554 98 60 76 58
1555 117 90 101 100
1556 98 120 112 129
1557 112 98 129 99
1558 61 85 89 58
1559 85 81 98 58
1560 13 15 24 28
1561 22 24 28 38
1562 120 138 129 89
1563 30 37 52 45
1564 34 19 36 32
1565 147 119 138 93
1566 64 59 73 47
1567 32 20 16 29
1568 52 64 47 37
1569 69 53 41 49
1570 53 41 49 26
1571 15 22 28 13
1572 15 22 13 7
1573 53 63 41 48
1574 47 45 52 37
1575 47 45 37 26
1576 64 52 39 37
1577 77 48 63 53
1578 82 69 49 53
1579 60 43 76 58
1580 101 77 95 67
1581 20 6 16 9
1582 45 47 41 26
1583 57 90 76 58
1584 56 62 39 64
1585 39 37 59 64
1586 140 147 120 93
1587 129 138 133 89
1588 67 79 53 77
1589 3 5 16 9
1590 3 5 9 1
1591 76 120 98 93
1592 110 129 89 98
1593 85 99 89 98
1594 38 30 52 45
1595 36 19 40 32
1596 41 44 28 25
1597 20 16 29 9
1598 100 127 117 140
1599 12 13 24 28
1600 58 35 32 57
1601 147 119 93 100
1602 140 90 117 100
1603 35 20 32 29
1604 48 77 57 67
1605 138 120 93 89
1606 89 85 98 58
1607 147 140 127 100
1608 40 19 23 43
1609 22 28 13 25
1610 51 81 61 58
1611 18 22 7 26
1612 18 22 26 37
1613 22 26 37 45
1614 99 110 89 98
1615 5 16 9 19
1616 98 120 129 89
1617 41 53 48 35
1618 58 89 93 98
1619 20 6 9 13
1620 6 9 13 1
1621 76 57 58 43
1622 57 77 90 67
1623 61 34 51 58
1624 19 11 23 29
1625 45 41 28 26
1626 9 5 19 11
1627 9 5 11 2
1628 11 9 2 13
1629 93 67 58 90
1630 35 58 67 57
1631 43 51 32 58
1632 22 28 25 26
1633 22 28 26 45
1634 53 41 26 35
1635 22 28 45 38
1636 5 9 1 2
1637 22 30 38 45
1638 133 138 93 89
1639 90 101 100 67
1640 100 90 67 93
1641 90 57 67 58
1642 32 35 29 57
1643 28 13 25 12
1644 11 9 13 25
1645 98 120 89 93
1646 23 19 29 43
1647 98 76 93 58
1648 76 93 58 90
1649 19 9 11 29
1650 16 32 29 19
1651 48 77 67 53
1652 53 35 67 48
1653 2 1 8 9
1654 41 28 26 25
1655 119 147 127 100
1656 22 13 7 6
1657 13 7 6 1
1658 57 48 67 35
1659 57 48 35 29
1660 8 13 2 9
1661 8 13 9 1
1662 43 29 57 32
1663 43 29 32 19
1664 48 41 35 25
1665 25 22 26 13
1666 22 26 13 6
1667 26 41 25 35
1668 13 25 12 11
1669 140 147 93 100
1670 32 58 57 43
1671 16 9 19 29
1672 76 93 90 120
1673 9 13 25 20
1674 13 12 2 11
1675 35 26 20 25
1676 26 20 25 13
1677 35 20 29 25
1678 20 29 25 9
1679 100 90 93 140
1680 20 6 13 26
1681 40 19 43 32
1682 48 29 25 35
1683 120 90 140 93
1684 51 34 32 58
1685 11 9 25 29
1686 22 7 26 6
EndElements

Dirichlet
1
2
7
8
15
18
27
33
39
56
EndDirichlet

Neumann
221
222
223
227
229
238
239
240
245
246
248
253
254
255
257
263
265
268
269
272
273
277
280
283
288
289
290
293
294
295
300
301
302
303
304
305
306
307
308
309
310
311
312
313
314
315
316
EndNeumann
